20164
24485
6471
19767
10230
25504
20015
33724
54659
68411
22133
16525
51587
6796
4363
10019
37071
37261
9951
31975
71299
19314
9563
44160
51585
50544
50504
54985
54984
58184
8185
37069
68780
53568
25554
47130
1082
30879
68779
68800
35159
35159
35160
68415
2607
34533
50398
52552
4764
26109
26002
20024
20024
7251
535
31980
51958
8191
37073
14451
37644
1082
51586
71269
22603
52552
33397
33397
33396
50504
9986
6555
9576
55006
58908
49905
49901
11129
65741
60866
61963
29749
34810
59792
16430
6620
26445
59792
15626
66424
2638
44510
47396
34805
49939
4300
9093
39157
34106
56687
17854
44889
68703
52916
64535
9368
14447
22115
17786
49963
24486
19716
65004
24423
3616
63472
33754
1178
781
62805
50492
50466
8171
9211
45294
51396
56063
3732
24783
10272
24806
11575
11574
33856
7501
14239
19640
27835
34915
4983
68703
51395
30956
6810
7797
50330
1875
14374
1695
8873
53139
69112
22022
61450
60066
31745
39601
59920
8672
2638
8809
971
31894
18377
7959
31679
2472
57260
37784
60053
23247
46159
46770
69016
7013
8205
9933
11177
17679
24064
39358
68317
4350
38381
10920
47245
26860
53423
66154
40056
11
37503
5247
3339
50578
19997
37856
3306
40877
21348
54595
57060
23860
29317
9290
15164
21413
18187
68703
30223
31134
47423
47418
38314
36255
13380
42908
38650
6227
21356
36686
31106
40755
37557
40901
35768
29636
59359
41131
42193
1046
35776
38615
42695
50472
69138
50969
59977
36277
68266
19013
44515
2467
11600
5101
5365
24316
20339
3613
20937
29136
63468
59499
41327
47199
60168
37274
6277
28174
40190
59689
59698
71148
57253
62232
3969
68170
2667
56631
46411
36455
57013
39481
62746
43316
12786
32868
45508
47986
40708
57131
31750
63467
3242
63394
33900
45136
13512
923
1537
35341
19443
45285
42721
3408
65324
789
8544
5587
63394
13648
63456
64954
14211
37331
49856
34968
62151
27038
62328
70630
38182
31861
33684
38371
36166
36889
47228
42203
47074
5327
47090
66754
57922
29620
52447
60162
40323
54915
60223
